14:40383.0,680.0,906.0,955.0,844.0,717.0,663.0,531.0,381.0,353.0,391.0,434.0,461.0,559.0,518.0,16760.0,31884.0,2886.0,2637.0,1712.0,1404.0,1665.0,1377.0,851.0,787.0,612.0,675.0,770.0,962.0,768.0,158.0,16388.0,15841.0,7334.0,5547.0,4010.0,3908.0,3854.0,3385.0,2473.0,1230.0,739.0,456.0,195.0,92.0,65.0,17.0,16390.0;11111111111111111111111111111111
5:8491.0,6617.0,6504.0,4573.0,4461.0,3605.0,2382.0,2111.0,3207.0,1955.0,1335.0,1277.0,521.0,408.0,492.0,17597.0,6084.0,6825.0,5661.0,5980.0,4975.0,2760.0,2527.0,1286.0,1334.0,1696.0,1126.0,1203.0,798.0,826.0,987.0,21468.0,7954.0,7351.0,7487.0,6366.0,3761.0,2450.0,2635.0,1090.0,1132.0,1367.0,565.0,743.0,954.0,991.0,839.0,19851.0;11111111111111111111111111111111
7:4929.0,10147.0,8002.0,5920.0,3876.0,2536.0,2049.0,1870.0,2127.0,2351.0,1744.0,935.0,932.0,1299.0,366.0,16453.0,5519.0,8763.0,9393.0,5526.0,3374.0,2684.0,2429.0,2566.0,2781.0,2131.0,1490.0,1101.0,706.0,550.0,106.0,16417.0,13174.0,9331.0,5093.0,4448.0,2718.0,3018.0,3076.0,2640.0,2370.0,1968.0,978.0,289.0,44.0,5.0,0.0,16384.0;11111111111111111111111111111111
3:1387.0,3993.0,4333.0,5394.0,5915.0,4306.0,3712.0,3597.0,4937.0,5390.0,2523.0,49.0,61.0,102.0,507.0,19330.0,8209.0,4560.0,4988.0,3961.0,2721.0,2006.0,1927.0,2058.0,2626.0,3830.0,3750.0,697.0,1042.0,1544.0,2864.0,18753.0,9225.0,6226.0,5562.0,5216.0,2838.0,897.0,325.0,306.0,388.0,1439.0,5425.0,613.0,855.0,1569.0,3188.0,21464.0;11111111111111111111111111111111
9:5895.0,1828.0,1494.0,1523.0,1492.0,2363.0,3588.0,3876.0,3243.0,2509.0,2187.0,2286.0,3332.0,3736.0,3763.0,22421.0,2916.0,1375.0,1242.0,1742.0,1573.0,2393.0,2308.0,2435.0,2728.0,2690.0,2638.0,2547.0,5680.0,5881.0,4730.0,22658.0,793.0,457.0,513.0,650.0,555.0,700.0,998.0,1552.0,1971.0,2246.0,1773.0,2086.0,2170.0,4466.0,8738.0,35868.0;11111111111111111111111111111111
6:0.0,0.0,11.0,226.0,335.0,622.0,927.0,3052.0,6022.0,5942.0,6642.0,6333.0,5811.0,5338.0,3818.0,20457.0,257.0,1565.0,1796.0,1850.0,2178.0,2918.0,5048.0,5229.0,6318.0,5186.0,4009.0,4240.0,3572.0,3099.0,1392.0,16879.0,4259.0,5945.0,1677.0,916.0,999.0,1619.0,2961.0,4997.0,5427.0,4530.0,4025.0,4176.0,3334.0,2147.0,1177.0,17347.0;11111111111111111111111111111111
16:0.0,0.0,0.0,0.0,0.0,8.0,101.0,761.0,4178.0,11406.0,11519.0,12894.0,7621.0,632.0,32.0,16384.0,253.0,419.0,438.0,586.0,690.0,873.0,1286.0,2407.0,5463.0,9222.0,9903.0,9819.0,5966.0,1519.0,285.0,16407.0,218.0,689.0,1510.0,2110.0,3156.0,2468.0,1955.0,2145.0,3415.0,6397.0,7115.0,7927.0,6606.0,2814.0,576.0,16435.0;11111111111111111111111111111111
11:112.0,2251.0,1627.0,1708.0,1704.0,1848.0,2280.0,1700.0,1319.0,2005.0,2476.0,3644.0,7579.0,8030.0,6803.0,20450.0,746.0,3608.0,2058.0,2404.0,2018.0,1940.0,1754.0,1375.0,1675.0,2532.0,3474.0,5449.0,7620.0,6135.0,4206.0,18542.0,1713.0,4701.0,5074.0,3865.0,2294.0,1338.0,1081.0,1120.0,1010.0,1509.0,1632.0,2526.0,5593.0,9109.0,5159.0,17812.0;11111111111111111111111111111111
15:126.0,1868.0,4704.0,4281.0,3241.0,2552.0,4378.0,11659.0,8747.0,4667.0,1223.0,482.0,502.0,527.0,177.0,16402.0,143.0,452.0,2828.0,2815.0,2267.0,1265.0,1000.0,5164.0,8935.0,4234.0,1437.0,1059.0,1974.0,4435.0,8281.0,19247.0,59.0,189.0,1020.0,2235.0,2654.0,1979.0,1335.0,2773.0,6823.0,5638.0,4544.0,4655.0,5628.0,6483.0,3108.0,16413.0;11111111111111111111111111111111
13:10966.0,3577.0,1374.0,14647.0,13020.0,997.0,632.0,689.0,907.0,875.0,792.0,336.0,246.0,91.0,3.0,16384.0,6000.0,3761.0,2798.0,11546.0,10186.0,3417.0,2006.0,1226.0,941.0,861.0,1012.0,1224.0,1832.0,2339.0,3.0,16384.0,4031.0,3938.0,6834.0,7197.0,5318.0,5381.0,4673.0,3980.0,3048.0,2038.0,1379.0,897.0,374.0,64.0,0.0,16384.0;11111111111111111111111111111111
2:1175.0,4434.0,4785.0,5564.0,6911.0,6703.0,5519.0,3369.0,1691.0,919.0,602.0,624.0,955.0,1400.0,1373.0,19512.0,2470.0,6579.0,6637.0,5947.0,4953.0,4263.0,3132.0,2109.0,1513.0,986.0,756.0,691.0,950.0,1438.0,1878.0,21234.0,8625.0,5447.0,6047.0,4684.0,4593.0,3410.0,2896.0,2347.0,1625.0,1141.0,922.0,993.0,858.0,1116.0,1664.0,19168.0;11111111111111111111111111111111
4:40426.0,160.0,121.0,97.0,116.0,112.0,189.0,224.0,413.0,881.0,1116.0,949.0,1021.0,951.0,1014.0,17746.0,33639.0,956.0,649.0,560.0,553.0,646.0,1236.0,1748.0,1807.0,1657.0,1616.0,1219.0,912.0,712.0,588.0,17038.0,33136.0,2467.0,1961.0,2164.0,2501.0,1457.0,1126.0,1512.0,1537.0,843.0,348.0,87.0,10.0,2.0,1.0,16384.0;11111111111111111111111111111111
12:44026.0,159.0,81.0,92.0,115.0,93.0,152.0,158.0,127.0,215.0,267.0,414.0,682.0,1182.0,1161.0,16612.0,30544.0,189.0,129.0,131.0,143.0,428.0,481.0,464.0,628.0,673.0,745.0,1318.0,2669.0,2772.0,2559.0,21663.0,36098.0,136.0,127.0,92.0,333.0,1382.0,1185.0,1209.0,1389.0,1815.0,1354.0,967.0,980.0,1512.0,312.0,16645.0;11111111111111111111111111111111
8:737.0,1210.0,1804.0,2547.0,3985.0,5418.0,6959.0,7270.0,6439.0,5246.0,2993.0,1595.0,1069.0,1219.0,659.0,16386.0,1547.0,2978.0,4016.0,4211.0,4646.0,4717.0,5033.0,5893.0,4208.0,2513.0,1853.0,2008.0,3105.0,2152.0,269.0,16387.0,1155.0,2836.0,4175.0,4697.0,4677.0,5125.0,5264.0,5444.0,2967.0,2217.0,2475.0,2845.0,3679.0,1553.0,43.0,16384.0;11111111111111111111111111111111
10:712.0,3913.0,6235.0,6071.0,6464.0,5258.0,3103.0,2135.0,2345.0,2523.0,2537.0,2222.0,1555.0,1826.0,1925.0,16712.0,1181.0,3528.0,7262.0,6593.0,5827.0,4084.0,3790.0,1729.0,1042.0,812.0,730.0,1327.0,2369.0,7162.0,1358.0,16742.0,996.0,3718.0,5153.0,6439.0,5736.0,3749.0,2296.0,1611.0,1410.0,1060.0,1567.0,2364.0,4560.0,6050.0,2312.0,16515.0;11111111111111111111111111111111
